[gd_scene load_steps=18 format=2]

[ext_resource path="res://characters/enemies/raw_assets/birdmonster.glb" type="PackedScene" id=1]
[ext_resource path="res://characters/Hitbox.tscn" type="PackedScene" id=2]
[ext_resource path="res://characters/enemies/Monster.gd" type="Script" id=3]
[ext_resource path="res://characters/HealthManager.tscn" type="PackedScene" id=4]
[ext_resource path="res://characters/CharacterMover.tscn" type="PackedScene" id=5]
[ext_resource path="res://characters/enemies/AimAtObject.gd" type="Script" id=6]
[ext_resource path="res://weapons/DamageArea.tscn" type="PackedScene" id=7]

[sub_resource type="CapsuleShape" id=1]
radius = 0.5

[sub_resource type="CapsuleShape" id=2]
radius = 1.15908
height = 0.0979729

[sub_resource type="CapsuleShape" id=3]
radius = 1.3
height = 0.002

[sub_resource type="CapsuleShape" id=4]
radius = 1.3
height = 0.158123

[sub_resource type="CapsuleShape" id=5]
radius = 1.33129
height = 0.269817

[sub_resource type="BoxShape" id=6]
extents = Vector3( 1.22197, 2.191, 1 )

[sub_resource type="BoxShape" id=7]
extents = Vector3( 1.53849, 2.89529, 1.50352 )

[sub_resource type="SphereShape" id=8]

[sub_resource type="CapsuleShape" id=9]
radius = 0.921002
height = 0.685285

[sub_resource type="CapsuleShape" id=10]
radius = 0.921002
height = 0.685285

[node name="BirdMonster" type="KinematicBody"]
collision_layer = 2
collision_mask = 3
script = ExtResource( 3 )
attack_range = 2
attack_rate = 1.0

[node name="CollisionShape" type="CollisionShape" parent="."]
transform = Transform( 1, 0, 0, 0, -1.62921e-07, 1, 0, -1, -1.62921e-07, 0, 1, 0 )
shape = SubResource( 1 )

[node name="Graphics" parent="." instance=ExtResource( 1 )]

[node name="Skeleton" parent="Graphics/Armature" index="0"]
bones/0/bound_children = [ NodePath("Hip") ]
bones/1/bound_children = [ NodePath("Body") ]
bones/2/bound_children = [ NodePath("ArmUL") ]
bones/3/bound_children = [ NodePath("ArmLL") ]
bones/4/bound_children = [ NodePath("ArmUR") ]
bones/5/bound_children = [ NodePath("ArmLR") ]
bones/6/bound_children = [ NodePath("LegUL") ]
bones/7/bound_children = [ NodePath("LegLL") ]
bones/8/bound_children = [ NodePath("LegUR") ]
bones/9/bound_children = [ NodePath("LegLR") ]

[node name="ArmUL" type="BoneAttachment" parent="Graphics/Armature/Skeleton" index="1"]
transform = Transform( -0.826506, 0.56134, -0.0422589, -0.550301, -0.821497, -0.14937, -0.118563, -0.1002, 0.987878, 0.234545, 1.44253, 0.15025 )
bone_name = "upper_arml"

[node name="Hitbox" parent="Graphics/Armature/Skeleton/ArmUL" instance=ExtResource( 2 )]

[node name="CollisionShape" type="CollisionShape" parent="Graphics/Armature/Skeleton/ArmUL/Hitbox"]
transform = Transform( 0.0766944, 1.11759e-08, 9.31323e-08, 2.79397e-09, -7.45058e-09, -0.197518, -1.67638e-08, 0.115227, -2.23517e-08, 0.0132692, 0.202573, -0.000246942 )
shape = SubResource( 2 )

[node name="ArmUR" type="BoneAttachment" parent="Graphics/Armature/Skeleton" index="2"]
transform = Transform( -0.849701, -0.443804, -0.284688, 0.235847, -0.802818, 0.547595, -0.471577, 0.398149, 0.786824, -0.11405, 1.49876, 0.16542 )
bone_name = "upper_armr"

[node name="Hitbox" parent="Graphics/Armature/Skeleton/ArmUR" instance=ExtResource( 2 )]

[node name="CollisionShape" type="CollisionShape" parent="Graphics/Armature/Skeleton/ArmUR/Hitbox"]
transform = Transform( 0.0917388, 1.86265e-08, 1.86265e-08, -8.3819e-09, -7.45058e-09, -0.197518, -1.11759e-08, 0.129442, -2.23517e-08, 0.00461799, 0.143012, -0.000246823 )
shape = SubResource( 2 )

[node name="LegUL" type="BoneAttachment" parent="Graphics/Armature/Skeleton" index="3"]
transform = Transform( -0.782991, 0.148378, 0.604052, 0.0548879, -0.950859, 0.304719, 0.619566, 0.271754, 0.736389, 0.131876, 0.936301, 1.37659e-07 )
bone_name = "upperlegl"

[node name="Hitbox" parent="Graphics/Armature/Skeleton/LegUL" instance=ExtResource( 2 )]
transform = Transform( 1, -1.78814e-07, -5.96046e-08, 0, 1, -1.49012e-08, 5.96046e-08, -1.3411e-07, 1, 1.49012e-08, 0.122519, 0 )

[node name="CollisionShape" type="CollisionShape" parent="Graphics/Armature/Skeleton/LegUL/Hitbox"]
transform = Transform( 0.0807645, -2.98023e-08, 2.6077e-08, -6.51926e-09, -0.00877994, -0.17948, 0, 0.0893672, -0.0176331, 0.0136325, 0.064204, -0.00918087 )
shape = SubResource( 3 )

[node name="LegUR" type="BoneAttachment" parent="Graphics/Armature/Skeleton" index="4"]
transform = Transform( -0.782991, -0.148378, -0.604051, -0.0548878, -0.950859, 0.304719, -0.619566, 0.271754, 0.736389, -0.131876, 0.936301, 1.37659e-07 )
bone_name = "upperlegr"

[node name="Hitbox" parent="Graphics/Armature/Skeleton/LegUR" instance=ExtResource( 2 )]
transform = Transform( 1, -1.78814e-07, -8.9407e-08, 0, 1, 0, 2.98023e-08, -1.3411e-07, 1, 2.23517e-08, 0.122519, 0 )

[node name="CollisionShape" type="CollisionShape" parent="Graphics/Armature/Skeleton/LegUR/Hitbox"]
transform = Transform( 0.0810359, -3.72529e-09, 7.45058e-09, 9.31323e-10, -0.00858737, -0.168123, 0, 0.0874084, -0.0165171, -0.0177574, 0.0642036, -0.00918084 )
shape = SubResource( 4 )

[node name="LegLR" type="BoneAttachment" parent="Graphics/Armature/Skeleton" index="5"]
transform = Transform( -0.786337, 0.178847, -0.591318, -0.0264707, -0.966053, -0.256983, -0.617189, -0.186426, 0.764397, -0.193831, 0.539271, 0.113471 )
bone_name = "lowerlegr"

[node name="Hitbox" parent="Graphics/Armature/Skeleton/LegLR" instance=ExtResource( 2 )]
transform = Transform( 1, -1.78814e-07, -8.9407e-08, 0, 1, 0, 2.98023e-08, -1.3411e-07, 1, 2.23517e-08, 0.122519, 0 )

[node name="CollisionShape" type="CollisionShape" parent="Graphics/Armature/Skeleton/LegLR/Hitbox"]
transform = Transform( 0.0573122, -1.86265e-09, 5.58794e-09, 2.79397e-09, 0.00137635, -0.148247, -5.58794e-09, 0.0657647, 0.00310255, -0.0112558, 0.0542162, 0.00290489 )
shape = SubResource( 5 )

[node name="LegLL" type="BoneAttachment" parent="Graphics/Armature/Skeleton" index="6"]
transform = Transform( -0.786337, -0.178847, 0.591318, 0.0264708, -0.966053, -0.256983, 0.61719, -0.186426, 0.764397, 0.193831, 0.539271, 0.113471 )
bone_name = "lowerlegl"

[node name="Hitbox" parent="Graphics/Armature/Skeleton/LegLL" instance=ExtResource( 2 )]
transform = Transform( 1, -1.78814e-07, -8.9407e-08, 0, 1, 0, 2.98023e-08, -1.3411e-07, 1, 2.23517e-08, 0.122519, 0 )

[node name="CollisionShape" type="CollisionShape" parent="Graphics/Armature/Skeleton/LegLL/Hitbox"]
transform = Transform( 0.0637977, -1.67638e-08, -7.45058e-09, 4.65661e-10, 0.00137562, -0.148148, -1.86265e-09, 0.0657209, 0.00310094, 0.0147021, 0.0536414, 0.00458064 )
shape = SubResource( 5 )

[node name="Hip" type="BoneAttachment" parent="Graphics/Armature/Skeleton" index="7"]
transform = Transform( 1, 0, 0, 0, 1, 0, 0, 0, 1, 0, 0.915201, 0 )
bone_name = "hip"

[node name="Hitbox" parent="Graphics/Armature/Skeleton/Hip" instance=ExtResource( 2 )]
transform = Transform( 1, -1.78814e-07, -8.9407e-08, 0, 1, 0, 2.98023e-08, -1.3411e-07, 1, 2.23517e-08, 0.122519, 0 )

[node name="CollisionShape" type="CollisionShape" parent="Graphics/Armature/Skeleton/Hip/Hitbox"]
transform = Transform( 0.131444, 1.82849e-09, 1.21539e-09, 9.59288e-10, 0.0013176, -0.153671, -3.83767e-09, 0.0629573, 0.00321608, 0.0147021, 0.0536414, 0.00458064 )
shape = SubResource( 6 )

[node name="Body" type="BoneAttachment" parent="Graphics/Armature/Skeleton" index="8"]
transform = Transform( 0.986326, 0.162169, -0.0293755, -0.159121, 0.890622, -0.425997, -0.042921, 0.424846, 0.904247, 0, 1.13977, 0 )
bone_name = "body"

[node name="Hitbox" parent="Graphics/Armature/Skeleton/Body" instance=ExtResource( 2 )]
transform = Transform( 1, -1.78814e-07, -8.9407e-08, 0, 1, 0, 2.98023e-08, -1.3411e-07, 1, 2.23517e-08, 0.122519, 0 )

[node name="CollisionShape" type="CollisionShape" parent="Graphics/Armature/Skeleton/Body/Hitbox"]
transform = Transform( 0.131444, 1.94695e-09, 1.77143e-09, 9.59034e-10, 0.00140257, -0.224032, -3.83768e-09, 0.0670357, 0.00468735, 0.00669581, 0.204693, 0.00912288 )
shape = SubResource( 7 )

[node name="Hitbox2" parent="Graphics/Armature/Skeleton/Body" instance=ExtResource( 2 )]
transform = Transform( 1, -1.78814e-07, -8.9407e-08, 0, 1, 0, 2.98023e-08, -1.3411e-07, 1, 2.23517e-08, 0.122519, 1.49012e-08 )
weak_spot = true

[node name="CollisionShape" type="CollisionShape" parent="Graphics/Armature/Skeleton/Body/Hitbox2"]
transform = Transform( 0.142296, -5.9952e-15, -3.55271e-15, 4.44089e-15, 0.142296, 1.11759e-08, -5.32907e-15, -3.72529e-09, 0.142296, 2.05324e-08, 0.393818, 0.280774 )
shape = SubResource( 8 )

[node name="ArmLR" type="BoneAttachment" parent="Graphics/Armature/Skeleton" index="9"]
transform = Transform( -0.953968, 0.121887, -0.274025, -0.260468, -0.789645, 0.555534, -0.14867, 0.601335, 0.785043, -0.305765, 1.15196, 0.337412 )
bone_name = "lower_armr"

[node name="Hitbox" parent="Graphics/Armature/Skeleton/ArmLR" instance=ExtResource( 2 )]
transform = Transform( 1, -1.80211e-07, -9.12696e-08, 8.84756e-09, 1, -5.96046e-08, 0, 0, 1, 0, 0, 0 )

[node name="CollisionShape" type="CollisionShape" parent="Graphics/Armature/Skeleton/ArmLR/Hitbox"]
transform = Transform( 0.067713, 1.04774e-08, 1.86265e-09, 0, -3.72529e-09, -0.176943, -9.54606e-09, 0.0753325, -7.45058e-09, 0.00894374, 0.175901, 0.0044601 )
shape = SubResource( 9 )

[node name="CollisionShape2" type="CollisionShape" parent="Graphics/Armature/Skeleton/ArmLR/Hitbox"]
transform = Transform( 0.0476017, -0.00392326, 0.100513, 0.0223535, -0.0150497, -0.186791, 0.0114831, 0.0455594, -0.0530474, -0.0817896, 0.593934, 0.135373 )
shape = SubResource( 10 )

[node name="CollisionShape3" type="CollisionShape" parent="Graphics/Armature/Skeleton/ArmLR/Hitbox"]
transform = Transform( 0.0475466, -0.0116912, 0.0785594, 0.019303, 0.000754233, -0.207992, 0.0118647, 0.0456244, 0.0235692, -0.0633207, 0.611859, -0.0121755 )
shape = SubResource( 10 )

[node name="CollisionShape4" type="CollisionShape" parent="Graphics/Armature/Skeleton/ArmLR/Hitbox"]
transform = Transform( 0.0453479, -0.0173302, 0.0620122, 0.0216576, 0.0188948, -0.184987, 0.00992141, 0.0379658, 0.120371, -0.056282, 0.558316, -0.15957 )
shape = SubResource( 10 )

[node name="ArmLL" type="BoneAttachment" parent="Graphics/Armature/Skeleton" index="10"]
transform = Transform( -0.972884, 0.230485, -0.0193162, -0.230879, -0.962749, 0.140745, 0.0138429, 0.141388, 0.989857, 0.477033, 1.08765, 0.106966 )
bone_name = "lower_arml"

[node name="Hitbox" parent="Graphics/Armature/Skeleton/ArmLL" instance=ExtResource( 2 )]
transform = Transform( 1, -1.80211e-07, -9.12696e-08, 8.84756e-09, 1, -5.96046e-08, 0, 0, 1, 0, 0, 0 )

[node name="CollisionShape" type="CollisionShape" parent="Graphics/Armature/Skeleton/ArmLL/Hitbox"]
transform = Transform( 0.067713, 1.04774e-08, 1.86265e-09, 0, -3.72529e-09, -0.176943, -9.54606e-09, 0.0753325, -7.45058e-09, 0.00894374, 0.175901, 0.0044601 )
shape = SubResource( 9 )

[node name="CollisionShape2" type="CollisionShape" parent="Graphics/Armature/Skeleton/ArmLL/Hitbox"]
transform = Transform( 0.048663, -0.00307614, -0.0924087, -0.0228548, -0.0119475, -0.19038, -0.00265111, 0.0465332, -0.0549894, 0.0759158, 0.570657, 0.118718 )
shape = SubResource( 10 )

[node name="CollisionShape3" type="CollisionShape" parent="Graphics/Armature/Skeleton/ArmLL/Hitbox"]
transform = Transform( 0.0470894, -0.007889, -0.0928893, -0.0200728, 0.00956259, -0.201661, 0.0123985, 0.045444, 0.0263092, 0.047616, 0.607608, -0.0144807 )
shape = SubResource( 10 )

[node name="CollisionShape4" type="CollisionShape" parent="Graphics/Armature/Skeleton/ArmLL/Hitbox"]
transform = Transform( 0.0455398, -0.0123159, -0.0849623, -0.00819999, 0.0263814, -0.183794, 0.0219728, 0.0353707, 0.1075, 0.0630271, 0.561899, -0.155468 )
shape = SubResource( 10 )

[node name="HealthManager" parent="." instance=ExtResource( 4 )]
max_health = 20

[node name="CharacterMover" parent="." instance=ExtResource( 5 )]
move_accel = 2
max_speed = 10
ignore_rotation = true

[node name="AimAtObject" type="Spatial" parent="."]
transform = Transform( 1, 0, 0, 0, 1, 0, 0, 0, 1, 0, 1.001, 0.429 )
script = ExtResource( 6 )

[node name="DamageArea" parent="AimAtObject" instance=ExtResource( 7 )]
transform = Transform( 1, 0, 0, 0, 1, 0, 0, 0, 1, 0, 0, 0.623029 )

[editable path="Graphics"]
